12/01/2014,1,6,5,8,7,5,10,182,0,0,0,1,bicycling
12/05/2014,1,9,4,9,4,5,5,140,0,0,0,0,running
12/06/2014,1,6,7,6,6,5,6,180,0,0,0,0,none
12/12/2014,1,1,3,6,3,5,4,241,1,0,1,1,none
12/15/2014,1,3,4,5,2,5,2,140,0,0,0,1,none
12/11/2014,1,9,4,6,6,5,9,154,0,0,0,1,bicycling
12/16/2014,1,10,6,6,6,5,10,181,0,0,0,0,swimming
01/02/2015,1,9,9,9,5,5,11,165,0,0,0,0,tennis
02/12/2015,1,3,5,6,7,5,8,235,0,1,0,0,walking
12/01/2014,2,9,6,6,8,5,9,135,0,1,0,1,walking
12/04/2014,2,5,6,6,4,5,4,148,0,0,0,0,tennis
12/09/2014,2,8,6,7,8,5,5,120,0,0,0,0,walking
12/11/2014,2,7,5,5,6,5,5,123,0,0,0,0,running
12/11/2014,2,2,8,9,5,5,10,137,0,0,0,0,running
12/11/2014,2,3,6,6,2,5,3,164,0,0,0,0,bicycling
12/18/2014,2,7,5,2,7,5,10,230,0,1,0,0,walking
12/04/2014,3,3,5,8,8,5,10,367,0,0,1,1,bicycling
12/11/2014,3,1,9,9,6,5,3,100,0,0,0,0,none
12/12/2014,3,2,9,7,6,5,6,120,0,0,0,1,bicycling
12/05/2014,3,10,7,9,6,5,6,190,0,1,0,1,walking
12/19/2014,3,8,8,8,7,5,4,115,0,0,0,1,running
12/16/2014,3,1,9,9,7,5,5,137,0,1,0,0,running
01/07/2015,3,11,1,6,4,5,5,86,0,1,0,1,running
01/08/2015,3,9,6,6,6,5,6,145,1,1,0,1,walking
01/12/2015,3,11,6,9,6,5,6,157,0,0,0,1,running
01/20/2015,3,10,3,5,11,5,5,120,1,1,0,1,running
01/08/2015,4,3,10,10,6,5,9,127,0,0,0,0,bicycling
12/04/2014,5,5,6,6,4,5,8,144,1,1,0,0,running
12/07/2014,5,7,7,6,6,5,9,160,0,0,0,1,swimming
12/05/2014,6,1,6,9,5,5,7,183,0,1,0,1,swimming
12/08/2014,6,8,7,8,8,5,9,125,0,0,0,0,running
12/11/2014,6,4,9,9,4,5,10,125,0,0,0,1,running
12/16/2014,6,9,6,7,4,.,.,323,0,0,0,1,none
12/18/2014,6,8,8,9,6,5,11,215,0,1,0,1,running
12/26/2014,6,5,6,4,7,5,10,251,0,0,0,0,running
12/22/2014,7,8,4,8,5,5,7,155,0,0,0,0,swimming
11/26/2014,8,8,9,9,9,5,5,172,0,1,0,0,walking
12/11/2014,8,10,5,4,6,5,5,227,0,1,1,1,none
